  [0m[38;5;237;48;5;237m▗[38;5;233m▄▄▄▄[38;5;234m▄▄▄▄▄[38;5;235m▄▄▄▄▄▄▄▄▄▄▄▄▄▄▄▄[38;5;234m▄▄▄▄▄[38;5;233m▄▄▄▄[38;5;237m▖[0m  
  [38;5;237;48;5;237m▐[38;5;233;48;5;233m⣾⣾[38;5;234m⣴[48;5;234m⡠  [38;5;235m⣴[48;5;235m⢀ ⠂⠈[38;5;236m▄▄▆▆[48;5;236m   [48;5;235m▆▆▆▄[38;5;235m ⣾⠂⠄⡀[48;5;234m▄[38;5;234m⠈⠢ [48;5;233m⣦[38;5;233m ⠔[38;5;237;48;5;237m▐[0m  
  [38;5;237;48;5;237m▐[38;5;234;48;5;233m⣦[48;5;234m⡀[38;5;242m▗[38;5;252m▄▄▄▄[48;5;235m▄[38;5;251m▄▄▄▄▄[48;5;236m▄▄▄▄▄▄▄▄[38;5;250;48;5;235m▄[38;5;252;48;5;236m▂[38;5;255m▂[38;5;102;48;5;235m▂[38;5;234m⢀⡀[38;5;235m╺ [38;5;234m⠈[48;5;234m  [38;5;233m [38;5;234;48;5;233m⣰[38;5;237;48;5;237m▐[0m  
  [38;5;237;48;5;237m [38;5;234;48;5;234m⣮[38;5;235m⣸[38;5;243;48;5;233m▐[38;5;231;48;5;231m▐⡖[38;5;113;48;5;255m▂▂▂▂▂▂▂[48;5;231m▂▂▂▂▂▂▂▂▂▂[38;5;149m▂[38;5;150m▂[38;5;231m⡲[38;5;250m⠈[38;5;231;48;5;238m⣦[38;5;255;48;5;235m⣄[38;5;237;48;5;234m⡀[38;5;235;48;5;235m  [38;5;234m⠈[48;5;234m⠈⠔[38;5;237;48;5;237m⣾[0m  
  [38;5;237;48;5;237m [38;5;235;48;5;234m▆[48;5;235m [38;5;244;48;5;233m▐[38;5;231;48;5;231m▐[38;5;255m▐[38;5;113;48;5;113m     [38;5;150m⢀▂⡀[38;5;113m [30m   [38;5;113m       [38;5;150m⠈[38;5;113;48;5;194m▆[48;5;231m⣄[38;5;194m⡀[38;5;59m⠈[38;5;254;48;5;235m⣄[38;5;233m▖[38;5;235m⠠ [38;5;234;48;5;234m [38;5;237;48;5;237m [0m  
  [38;5;237;48;5;237m [38;5;235;48;5;235m▖⠂[38;5;244;48;5;234m▐[38;5;231;48;5;231m▐[38;5;255m▝[38;5;194;48;5;113m▄▄[38;5;193m⡀[38;5;113m  [38;5;231;48;5;150m▐[48;5;231m▆[38;5;149m▐[38;5;113;48;5;113m [30m  [38;5;113m [38;5;149m⢀[38;5;187m▂[38;5;150m▂[38;5;113m  [38;5;150m⢀[38;5;187m▂[38;5;150m▂[38;5;113m  [38;5;187m⠈[38;5;150;48;5;231m▖[38;5;231m⡘[38;5;254;48;5;237m⣆[38;5;234;48;5;235m▖[38;5;235m⣞⢀[38;5;237;48;5;237m [0m  
  [38;5;237;48;5;237m [38;5;235;48;5;235m [38;5;236m⣸[38;5;244m⠸[38;5;234;48;5;255m▂▂[38;5;232m▂[38;5;252;48;5;231m⡀[38;5;231m⡎[38;5;193;48;5;113m⡆[38;5;113m [38;5;231;48;5;150m▐[30;48;5;231m [38;5;149m▐[38;5;113;48;5;113m  [38;5;194m▗[38;5;231;48;5;150m⣴[48;5;231m⢊⠖━[38;5;187m⠈[38;5;231;48;5;150m▆[48;5;255m⣾[48;5;231m⠖━[38;5;193m⠈[38;5;255;48;5;113m⣦[38;5;113m [38;5;150m▝[38;5;255;48;5;231m⡀⠈[38;5;243;48;5;235m⡆[38;5;236m⡆[38;5;235m⠊[38;5;237;48;5;237m [0m  
  [38;5;237;48;5;237m [38;5;235;48;5;235m [38;5;236;48;5;236m ⠒⠂ [38;5;233m▐[38;5;231;48;5;250m▐[48;5;231m▐[38;5;113;48;5;193m▐[48;5;113m [38;5;231;48;5;150m▐[30;48;5;231m [38;5;149m▐[38;5;113;48;5;113m  [38;5;231;48;5;194m▟[48;5;231m⢰[38;5;113;48;5;255m⢰[48;5;149m▆[48;5;187m▆[38;5;255;48;5;231m▖[38;5;231m⡎[38;5;113;48;5;255m⢰[48;5;150m⣾[48;5;151m▆[38;5;194;48;5;231m▖[38;5;231m▐[38;5;113;48;5;194m▐[48;5;113m [38;5;231;48;5;194m▐[48;5;231m▐[38;5;234;48;5;248m▐[38;5;235;48;5;236m⠈[48;5;235m [38;5;237;48;5;237m [0m  
  [38;5;237;48;5;237m [38;5;235;48;5;235m [38;5;236;48;5;236m▗ [38;5;237m⣾[48;5;237m [38;5;234;48;5;236m▐[38;5;231;48;5;250m▐[48;5;231m▐[38;5;113;48;5;193m▐[48;5;113m [38;5;231;48;5;150m▐[30;48;5;231m [38;5;149m▐[38;5;113;48;5;113m  [38;5;231;48;5;231m▐▐[38;5;113;48;5;193m▐[48;5;113m  [38;5;231;48;5;255m▐[48;5;231m▐[38;5;113;48;5;254m▐[48;5;113m  [38;5;231;48;5;194m▐[48;5;231m▐[38;5;113;48;5;255m▐[48;5;113m [38;5;231;48;5;194m▐[48;5;231m▐[38;5;235;48;5;248m▐[38;5;236;48;5;236m [38;5;235;48;5;235m [38;5;237;48;5;237m [0m  
  [38;5;237;48;5;237m [30;48;5;235m [38;5;236;48;5;236m▐ [38;5;237;48;5;237m  [38;5;234;48;5;236m▐[38;5;231;48;5;250m▐[48;5;231m▐[38;5;113;48;5;193m▐[48;5;113m [38;5;231;48;5;150m▐[30;48;5;231m [38;5;149m▐[38;5;113;48;5;113m  [38;5;255;48;5;231m▖[38;5;231m▐[38;5;113;48;5;193m▐[48;5;113m  [38;5;231;48;5;255m▐[48;5;231m▐[38;5;113;48;5;194m▐[48;5;113m  [38;5;231;48;5;194m▐[48;5;231m▐[38;5;113;48;5;255m▐[48;5;113m [38;5;231;48;5;194m▐[48;5;231m▐[38;5;235;48;5;248m▐[38;5;236;48;5;236m [30;48;5;235m [38;5;237;48;5;237m [0m  
  [38;5;237;48;5;237m [38;5;235;48;5;235m [38;5;236;48;5;236m  [38;5;237m▐[38;5;236;48;5;237m [38;5;234;48;5;236m▐[38;5;231;48;5;249m▐[48;5;231m▐[38;5;113;48;5;193m▐[48;5;113m [38;5;231;48;5;150m▐[48;5;231m [38;5;150m▐[38;5;113;48;5;113m  [48;5;231m▆▆[48;5;150m⣾[48;5;113m  [48;5;255m▆[48;5;231m▆[48;5;187m⣾[48;5;113m  [38;5;150;48;5;194m▆[48;5;231m▆[38;5;113;48;5;187m⢼[48;5;113m [38;5;231;48;5;194m▐[48;5;231m▐[38;5;234;48;5;248m▐[38;5;236;48;5;236m [38;5;235;48;5;235m [38;5;237;48;5;237m [0m  
  [38;5;237;48;5;237m [38;5;235;48;5;235m [38;5;236;48;5;236m ⠂  [38;5;234m⠸[38;5;231;48;5;243m▐[48;5;231m⡸[38;5;149;48;5;255m▐[38;5;113;48;5;113m [38;5;194m⠸[38;5;231;48;5;231m⡸[38;5;187m⠈[38;5;231;48;5;113m⣄[38;5;187m▂[38;5;150m▂▂⡀[38;5;149m▂▂▂▂▂[38;5;150m▂⣴[48;5;150m  [38;5;113;48;5;149m▟[48;5;113m [38;5;231;48;5;194m▐[48;5;231m▐[38;5;234;48;5;248m▐[38;5;235;48;5;236m▗[48;5;235m [38;5;237;48;5;237m [0m  
  [38;5;237;48;5;237m [38;5;235;48;5;235m⡠ [38;5;236;48;5;236m⠈⠄ ⠈[38;5;247;48;5;235m▝[38;5;250;48;5;231m⡀[38;5;255m⠈[38;5;194;48;5;113m⣆[38;5;113m [48;5;193m⣦[38;5;149;48;5;231m⣄[38;5;194m⡀[38;5;231m⠒⠒⠆[38;5;150;48;5;254m▐[48;5;150m      [38;5;149m⢀[38;5;113m⣠[48;5;149m⣾[48;5;113m  [38;5;231;48;5;194m▐[48;5;231m▐[38;5;234;48;5;248m▐[38;5;235;48;5;236m▐[48;5;235m⠲[38;5;237;48;5;237m [0m  
  [38;5;237;48;5;237m [38;5;235;48;5;235m⣾⢂ [38;5;236;48;5;236m⠈⢀  [38;5;246;48;5;235m⠈[38;5;240;48;5;231m⣄[38;5;231m⣈[48;5;151m▆[48;5;113m⣄[38;5;150m▂[38;5;113m [48;5;149m▆▆▆⣾[48;5;113m       [30m  [38;5;113m [38;5;150m⢀[38;5;231;48;5;194m▟[48;5;231m▐[38;5;234;48;5;247m▐[38;5;235;48;5;235m⠈ [38;5;237;48;5;237m [0m  
  [38;5;237;48;5;237m [38;5;234;48;5;234m [48;5;235m⡀[38;5;235m⣾⡀[48;5;236m⣄[38;5;236m⣮  [38;5;233m⠈[38;5;235;48;5;247m▆[48;5;254m⣄[38;5;244;48;5;231m▂[38;5;231m⡲[48;5;193m▆[48;5;149m▆[48;5;113m▆[38;5;255m▆▆▆▆▆▆▆▆▆▆▆[38;5;231;48;5;149m▆[48;5;255m⣾[48;5;231m⠾▐[38;5;233;48;5;247m▐[38;5;234;48;5;235m⢀[48;5;234m [38;5;237;48;5;237m [0m  
  [38;5;237;48;5;237m⢀[38;5;234;48;5;234m⠔ [48;5;235m⣦[38;5;235m⠈⠢⡀[48;5;236m⣄[38;5;236m  ⡈ [48;5;234m▆[38;5;59;48;5;236m⠈[38;5;236;48;5;188m▆[38;5;237;48;5;252m▆[38;5;236;48;5;251m▄[48;5;252m▄▄▄▄▄▄▄▄[38;5;235m▄[48;5;251m▄▄▄[38;5;234m▄▄▄[48;5;102m▟[48;5;234m⡠⣮[38;5;237;48;5;237m▖[0m  
  [38;5;237;48;5;237m▐[38;5;233;48;5;234m⣰⡀[38;5;234m⠂⡀[48;5;235m⣦[38;5;235m⠈ ⢄ [48;5;236m⣄[38;5;236m⣾⠂⠠  ▂▂▂⡀ ⠠ ⠂[38;5;235m⢀⣠▆[48;5;235m⠠⠂[38;5;234m⢀⣴[48;5;234m⡠⠊[38;5;233m⣠[48;5;233m [38;5;237;48;5;237m▐[0m  
  [38;5;237;48;5;237m▝[48;5;233m▄▄[48;5;234m▄▄▄▄[48;5;235m▄▄▄▄▄▄▄[48;5;236m▄▄▄▄▄▄▄[48;5;235m▄▄▄▄▄▄▄[48;5;234m▄▄▄▄[48;5;233m▄▄▄[48;5;237m▟[0m  
