  [0m[38;5;237;48;5;237m▗[38;5;233m▄▄▄▄[38;5;234m▄▄▄▄▄[38;5;235m▄▄▄▄▄▄▄▄▄▄▄▄▄▄▄▄[38;5;234m▄▄▄▄▄[38;5;233m▄▄▄▄[38;5;237m▖[0m  
  [38;5;237;48;5;237m▐[38;5;233;48;5;233m⣾⣾[38;5;234m⣴[48;5;234m⡠  [38;5;235m⣴[48;5;235m  ⠐⠈ [38;5;236m⠤━⢶[38;5;238;48;5;236m▂[38;5;24m▂▂[38;5;238;48;5;235m▂[38;5;236m⡶⠦[38;5;235m  ⣾⠂⢄ [48;5;234m▄[38;5;234m⠈⠢ [48;5;233m⣦[38;5;233m ⠔[38;5;237;48;5;237m▐[0m  
  [38;5;237;48;5;237m▐[38;5;234;48;5;233m⣦[48;5;234m⡠⠊[38;5;235m⣠[48;5;235m   ⡾[38;5;234m⢀[38;5;236m⢀[38;5;25m⣠[38;5;68;48;5;236m▄[38;5;189;48;5;24m⣠[38;5;152;48;5;25m⡤[38;5;189m⠴[38;5;152m━━━━[38;5;189m⠦[38;5;152m⢤[38;5;189;48;5;24m⣄[38;5;68;48;5;236m▄[38;5;25;48;5;235m⣄[38;5;234;48;5;236m⢦[38;5;235;48;5;235m⠠⢾⠠⡀[48;5;234m⣦[38;5;234m  [38;5;233m [38;5;234;48;5;233m⣰[38;5;237;48;5;237m▐[0m  
  [38;5;237;48;5;237m [38;5;234;48;5;234m⣮ [38;5;235m⣾[48;5;235m⠠⠊ [38;5;234m⢀[38;5;24;48;5;234m⣠[38;5;110;48;5;24m⢀[38;5;189;48;5;25m⡴[38;5;152m⠞[38;5;25;48;5;255m▆[48;5;68m⣾[48;5;25m        [38;5;68m⠈[38;5;25;48;5;255m▆[48;5;152m⣌[38;5;188;48;5;25m⢦[38;5;110;48;5;24m⡀[38;5;24;48;5;234m⣄[38;5;234;48;5;235m⡀[38;5;235m⡀⠠⡀[48;5;234m⣦[38;5;234m⠈⠔[38;5;237;48;5;237m⣾[0m  
  [38;5;237;48;5;237m [38;5;235;48;5;234m▆[48;5;235m⢀⠈  [38;5;24m⢀[38;5;110;48;5;24m⢀[38;5;189;48;5;25m⡴[38;5;25;48;5;152m⣴[38;5;68;48;5;25m▂[38;5;189m▂▂[38;5;110m▂[38;5;68m⡀[38;5;25m   [38;5;231;48;5;110m▐[48;5;153m▆[48;5;152m▆[48;5;189m▆[38;5;152;48;5;231m⠈[48;5;25m⡆[38;5;25m  [48;5;189m⣦[38;5;189;48;5;25m⢦[38;5;110;48;5;24m⡀[38;5;24;48;5;234m⡀[38;5;235;48;5;235m  ⠢ [38;5;234;48;5;234m [38;5;237;48;5;237m [0m  
  [38;5;237;48;5;237m [38;5;235;48;5;235m▖⠂ [38;5;234m⢀[38;5;24;48;5;234m⣰[38;5;189;48;5;25m⣠[38;5;25;48;5;189m⣰[48;5;25m [38;5;152m⢰[38;5;231;48;5;231m⢰⠒⠒⠒[38;5;255m⠈[38;5;231;48;5;68m▆[38;5;255;48;5;25m⣦[38;5;152m⣄[38;5;146m▝[38;5;152;48;5;231m⡀[38;5;231m▖[30m [38;5;231m▐[38;5;152m▝[38;5;25;48;5;25m    [48;5;189m⣆[38;5;189;48;5;25m⣄[38;5;24;48;5;234m⣄[38;5;234;48;5;235m⡀[38;5;235m ⣞⢀[38;5;237;48;5;237m [0m  
  [38;5;237;48;5;237m [38;5;235;48;5;235m  [38;5;236;48;5;236m⡀[38;5;24;48;5;234m▗[38;5;189;48;5;25m⢰[38;5;25;48;5;152m⣰[48;5;25m [38;5;68m⢀[38;5;231;48;5;68m▟[48;5;231m⣸⠤⠤⠤⠤⠤⠬⡪[38;5;110m▝[38;5;255;48;5;68m⡘[38;5;231;48;5;231m⣎[30m [38;5;231m▐▐[38;5;25;48;5;61m⣸[48;5;25m [30m  [38;5;25m [48;5;152m⣆[38;5;188;48;5;25m⡆[38;5;24;48;5;234m▖[38;5;236;48;5;235m⢾[38;5;235m ⠊[38;5;237;48;5;237m [0m  
  [38;5;237;48;5;237m [38;5;235;48;5;235m [38;5;236;48;5;236m [38;5;235m⠸[38;5;25;48;5;24m⣸[38;5;255;48;5;68m⡎[38;5;25;48;5;25m  [38;5;110m⠈[38;5;25;48;5;231m▆▆▆[48;5;255m━⠒[38;5;231;48;5;110m▄[38;5;25;48;5;189m⠒[48;5;152m⠲[48;5;231m▆[48;5;255m▄[38;5;68m▐[38;5;67m⡆[38;5;231;48;5;231m⡸▐[38;5;110m⢰[38;5;25;48;5;25m [38;5;68m⢀[38;5;255m▂[38;5;68m⡀[38;5;25m  [38;5;68;48;5;255m⡎[38;5;24;48;5;25m⠸[38;5;236;48;5;235m⣸[38;5;235;48;5;236m⠈[48;5;235m [38;5;237;48;5;237m [0m  
  [38;5;237;48;5;237m [38;5;235;48;5;235m [38;5;236;48;5;236m [38;5;238m⢰[38;5;110;48;5;25m▐[38;5;25;48;5;189m▐[48;5;25m [30m [38;5;25m [38;5;110m⢀[38;5;189m⣴[38;5;231;48;5;110m⣾[48;5;231m⠊⢢[38;5;25;48;5;255m⣰[48;5;68m⠾[48;5;25m [48;5;61m⣾[48;5;25m [48;5;68m⣴[38;5;152;48;5;25m▐[38;5;231;48;5;231m⠸[38;5;104m⢀[38;5;25;48;5;152m⡼[38;5;255;48;5;25m⣴[38;5;231;48;5;110m⣾[48;5;231m⢆[38;5;25;48;5;189m▐[48;5;25m  [38;5;189m▐[38;5;25;48;5;110m▐[38;5;237;48;5;236m⡆[38;5;236m [38;5;235;48;5;235m [38;5;237;48;5;237m [0m  
  [38;5;237;48;5;237m [30;48;5;235m [38;5;236;48;5;236m [38;5;238m⠸[38;5;110;48;5;25m▐[38;5;25;48;5;189m▐[48;5;25m  [38;5;152m▗[38;5;231;48;5;110m⣾[48;5;231m⠊[30m [38;5;231m⡘[38;5;68;48;5;255m⢰[38;5;255;48;5;25m⣴[38;5;25;48;5;110m▐[38;5;68;48;5;25m▗[38;5;61m⡀⠠[38;5;68m━[38;5;231;48;5;61m⠚[38;5;68;48;5;255m⠖[38;5;231;48;5;68m⣴[48;5;231m⠔⣾[30m [38;5;231m⠈[38;5;152m⠈[38;5;110;48;5;25m▖[38;5;25m [38;5;189m▐[38;5;25;48;5;110m▐[38;5;236;48;5;237m▐[48;5;236m [30;48;5;235m [38;5;237;48;5;237m [0m  
  [38;5;237;48;5;237m [38;5;235;48;5;235m [38;5;236;48;5;236m [38;5;235m▗[38;5;26;48;5;24m▐[38;5;68;48;5;254m⠸[38;5;25;48;5;25m  [38;5;231;48;5;110m▟[48;5;231m⣸[30m [38;5;231m▗[38;5;255m⢀[38;5;25;48;5;110m⡆[38;5;231;48;5;231m▐[38;5;68m⠈[38;5;231;48;5;25m⣄[38;5;25;48;5;189m⣌[38;5;255;48;5;25m▆[38;5;231;48;5;67m▆[48;5;189m⣾[48;5;231m⣊▂▂⠤[38;5;189m⢀[38;5;68m⣠[38;5;25;48;5;255m⣴[48;5;25m  [38;5;255;48;5;68m⡸[38;5;24;48;5;25m⢰[38;5;235;48;5;236m⡆[38;5;236m [38;5;235;48;5;235m [38;5;237;48;5;237m [0m  
  [38;5;237;48;5;237m [38;5;235;48;5;235m [38;5;236;48;5;236m ⠄[38;5;24;48;5;235m▝[38;5;189;48;5;25m⠸⡆[38;5;61m⠈[38;5;25;48;5;255m⣄[38;5;146;48;5;231m⡀[38;5;231m⢄▞[38;5;68;48;5;255m▐[38;5;67;48;5;25m▝[38;5;146;48;5;231m▖[38;5;231m▖⣮[38;5;110m⠈[38;5;231;48;5;68m⣦[38;5;68;48;5;231m━[38;5;25;48;5;189m▄[48;5;255m▄[48;5;189m▄⣴▆[48;5;68m⣾[48;5;25m   [38;5;189m⢰[38;5;25;48;5;189m⣸[38;5;234;48;5;24m▟[38;5;236;48;5;236m [38;5;235m⣸[48;5;235m [38;5;237;48;5;237m [0m  
  [38;5;237;48;5;237m [38;5;235;48;5;235m⡠ [38;5;236;48;5;236m [38;5;234;48;5;235m⠈[38;5;235;48;5;24m⣆[38;5;25;48;5;152m⣆[38;5;152;48;5;25m⣆[38;5;25m  [48;5;189m⣦[38;5;67;48;5;231m▄[38;5;25;48;5;68m⣾[48;5;25m [38;5;152m▝[38;5;110;48;5;231m⡀[38;5;231m⣄[30m  [38;5;231m⣮[38;5;146m⠈[38;5;231;48;5;25m⣦[38;5;146m⣄[38;5;25m [30m  [38;5;25m  [38;5;189m⣰[38;5;25;48;5;152m⣰[38;5;234;48;5;24m⣰[38;5;235;48;5;234m⣾[48;5;236m⢀[48;5;235m ⠲[38;5;237;48;5;237m [0m  
  [38;5;237;48;5;237m [38;5;235;48;5;235m⣾⠂   [38;5;24m▝[38;5;146;48;5;24m▝[38;5;189;48;5;68m⠢[38;5;146;48;5;25m⣄[38;5;25m  [30m  [38;5;25m [38;5;110m⠈[38;5;25;48;5;189m⣄[38;5;110;48;5;231m⡀[38;5;231m⢄⡠[38;5;110m⢀[38;5;25;48;5;255m▄[48;5;152m▆[48;5;25m   [38;5;146m⣠[38;5;254;48;5;68m⠔[38;5;24;48;5;146m⣾[38;5;235;48;5;24m▟[48;5;235m  ⢀⠌ [38;5;237;48;5;237m [0m  
  [38;5;237;48;5;237m [38;5;234;48;5;234m [48;5;235m⡀[38;5;235m⣾⡀ [38;5;236m⣦[38;5;235m [48;5;25m⣦[38;5;24;48;5;110m▆[38;5;25;48;5;189m⣌[38;5;189;48;5;25m⢤▂[38;5;25m     [48;5;255m▆[48;5;152m▆[48;5;25m   [38;5;189m▂⡤⠞[38;5;24;48;5;110m▆[38;5;235;48;5;25m⣴[48;5;235m   ⠠⠂[38;5;234m⢀[48;5;234m [38;5;237;48;5;237m [0m  
  [38;5;237;48;5;237m⢀[38;5;234;48;5;234m⠔ [48;5;235m⣦[38;5;235m⠈⠢⡀ [48;5;236m⡈[48;5;235m [38;5;237m⠈[38;5;235;48;5;25m⣦[38;5;23;48;5;146m▆[38;5;24;48;5;189m⣦[38;5;25m⣬[38;5;152;48;5;25m━━⠦⠴━━[38;5;189m⠚[38;5;24;48;5;189m⣴[38;5;23;48;5;146m▆[38;5;235;48;5;25m⣴[48;5;237m⣾[48;5;235m      [38;5;234m⣴[48;5;234m⡠⣮[38;5;237;48;5;237m▖[0m  
  [38;5;237;48;5;237m▐[38;5;233;48;5;234m⣰⡀[38;5;234m⠂⡀[48;5;235m⣦[38;5;235m⠈ ⢄ [48;5;236m⣄⡀[38;5;236m [48;5;235m▆[48;5;236m⠄[48;5;237m▆[48;5;24m▆▆▆▆[48;5;237m▆[38;5;235;48;5;236m⠈[38;5;236;48;5;235m▆[48;5;236m⠐[38;5;235m▂⣠[48;5;235m⢀⠠⠂[38;5;234m⢀⣴[48;5;234m⡠⠊[38;5;233m⣠[48;5;233m [38;5;237;48;5;237m▐[0m  
  [38;5;237;48;5;237m▝[48;5;233m▄▄[48;5;234m▄▄▄▄[48;5;235m▄▄▄▄▄▄▄[48;5;236m▄▄▄▄▄▄▄[48;5;235m▄▄▄▄▄▄▄[48;5;234m▄▄▄▄[48;5;233m▄▄▄[48;5;237m▟[0m  
