  [0m[38;5;238;48;5;238m [38;5;234m▄▄▄▄▄▄[38;5;235m▄▄▄▄▄▄▄▄▄▄▄▄▄▄[38;5;234m▄▄▄▄▄▄▄[38;5;238m [0m  
  [38;5;238;48;5;238m [38;5;234;48;5;234m⣞⠂  [38;5;233m▂[38;5;232m▂▄▄[38;5;16m▄[38;5;232m▄[38;5;16m▂[38;5;234;48;5;235m▂[38;5;235m⢄  [38;5;234m▂[38;5;16;48;5;234m▂[38;5;232m⣠▄▄▄▂▂[38;5;234m⢄⠈ ⡐[38;5;238;48;5;238m [0m  
  [38;5;238;48;5;238m▗[38;5;234;48;5;235m▝[38;5;235;48;5;234m▆[38;5;234m [38;5;16;48;5;232m⣎[38;5;64;48;5;233m▄[38;5;70;48;5;232m▆[48;5;236m▆[38;5;106;48;5;58m▆▆[48;5;236m▆[38;5;70;48;5;232m▆▄[38;5;16;48;5;235m⢦[38;5;233;48;5;234m▂[38;5;16m⡴[38;5;64;48;5;16m▄[38;5;70;48;5;234m▆[38;5;106;48;5;235m▆[48;5;58m▆[48;5;64m▆[48;5;236m▆[38;5;70;48;5;232m▆[38;5;106;48;5;234m▄[38;5;234;48;5;16m⡆[38;5;233;48;5;234m⡆[38;5;235m▗⣴[38;5;238;48;5;238m [0m  
  [38;5;238;48;5;238m▐[38;5;235;48;5;235m⣾ [38;5;234m▝[38;5;233;48;5;16m⡌[38;5;235;48;5;70m⡆[38;5;106;48;5;106m [38;5;64m⠈[38;5;106;48;5;58m⣦[38;5;58;48;5;106m━[38;5;235;48;5;70m⣄[38;5;236;48;5;106m⡀[38;5;70m⢘[38;5;58m▐[38;5;16;48;5;16m⠌[38;5;106;48;5;234m▐[38;5;70;48;5;106m⡌[38;5;64m⢀[38;5;235m⣠[38;5;236m⠴[38;5;58m⠚[38;5;106;48;5;64m▆[48;5;106m [38;5;58m⢐[38;5;16;48;5;234m⡾[38;5;235m⣰[48;5;235m⠄⠐[38;5;238;48;5;238m▐[0m  
  [38;5;238;48;5;238m▐[38;5;236;48;5;235m⣦[48;5;236m [48;5;235m⣦[38;5;233m▝[38;5;237;48;5;16m⡈[38;5;234;48;5;70m⣄[38;5;106;48;5;106m [38;5;70m [38;5;106m [38;5;70m⠊[38;5;106;48;5;233m⣦[38;5;232;48;5;64m⢢[38;5;16m⣴[48;5;16m⠐[38;5;58m⠈[38;5;233;48;5;70m⣴[38;5;106;48;5;233m⣴[48;5;64m⣾[38;5;70;48;5;106m  [38;5;106m [38;5;58m⣠[38;5;232;48;5;58m⣾[38;5;235;48;5;233m⣴[38;5;236;48;5;235m⣴▆▄[38;5;238;48;5;238m▐[0m  
  [38;5;238;48;5;238m⠸[38;5;236;48;5;236m  [38;5;237m▆⣦[38;5;235m▝[38;5;234;48;5;16m⣦[38;5;232;48;5;58m▆[38;5;16;48;5;70m▄[38;5;234m▂[38;5;233;48;5;106m▄[38;5;232;48;5;70m⣴[38;5;16;48;5;233m⡾[38;5;89;48;5;16m▂[38;5;125m▂[38;5;89m▂[38;5;233m⡀[38;5;16;48;5;64m⣦[38;5;233;48;5;106m▄[48;5;70m▂[38;5;232m▄[38;5;16;48;5;64m⣴[38;5;232;48;5;234m⠊[38;5;236m⣾[38;5;237;48;5;236m▄▄[38;5;236m⠈⠐[38;5;238;48;5;238m▐[0m  
  [38;5;238;48;5;238m [38;5;236;48;5;236m [38;5;237;48;5;237m ⢼[38;5;236m⢀[38;5;233;48;5;236m▗[38;5;16;48;5;235m⡼[38;5;125;48;5;16m⣴[48;5;52m▆[38;5;88;48;5;125m⢀[38;5;232m⣴[38;5;89;48;5;16m⢰[38;5;125;48;5;52m⣾[48;5;161m⣾[30;48;5;125m [38;5;161m⠈[38;5;88m⠈[38;5;125;48;5;232m⡆[38;5;16;48;5;125m⣄[38;5;125;48;5;89m▆[48;5;233m▆⣄[38;5;16m⢦[38;5;232;48;5;236m▖[38;5;236;48;5;237m▖[38;5;237m  [38;5;236;48;5;236m [38;5;238;48;5;238m⣾[0m  
  [38;5;238;48;5;238m [38;5;237;48;5;237m ⣈⠄[38;5;236;48;5;236m⡀[38;5;16;48;5;233m⣸[38;5;125;48;5;52m▟[38;5;233;48;5;125m▂[38;5;232m⣴[38;5;16;48;5;52m⡾[38;5;125;48;5;232m▂[38;5;89m▂[38;5;233;48;5;125m⢶[38;5;16m▄[38;5;232m▄[38;5;16m▄[38;5;233m⡴[38;5;16;48;5;89m⠚[38;5;89;48;5;16m▄[48;5;232m⣈[38;5;232;48;5;125m▄[38;5;52m⡀[38;5;233m▐[38;5;232;48;5;16m⠸[38;5;235;48;5;236m▖[38;5;237;48;5;237m   [38;5;238;48;5;238m [0m  
  [38;5;238;48;5;238m [38;5;237;48;5;237m [38;5;236m▗[38;5;234;48;5;236m⢀[38;5;232;48;5;235m⣴[38;5;125;48;5;16m▂[38;5;16;48;5;52m⢾[38;5;52;48;5;16m⢀[38;5;125;48;5;233m⣴[38;5;161;48;5;125m⠈[38;5;125m  [38;5;161m⠈[38;5;125;48;5;234m⣆[38;5;16;48;5;16m▆[38;5;125;48;5;234m⢰[48;5;161m⣾[48;5;125m  [38;5;161m⠈[38;5;52m▝[48;5;16m▖[38;5;16;48;5;52m⡖[38;5;125;48;5;16m⣄[38;5;16;48;5;235m⣦[38;5;234;48;5;236m▖[38;5;236;48;5;237m⣄[38;5;237m [38;5;238;48;5;238m [0m  
  [38;5;238;48;5;238m [38;5;236;48;5;237m▗[38;5;235;48;5;236m▗[38;5;16;48;5;234m⡼[38;5;125;48;5;52m▟[48;5;161m⡎[38;5;16;48;5;89m▐[38;5;125;48;5;232m▐[48;5;125m [30m   [38;5;125m [38;5;52;48;5;161m⢰[38;5;16;48;5;16m⢀[38;5;125;48;5;234m▐[38;5;161;48;5;125m⡀[30m   [38;5;125m [38;5;233m▐[38;5;125;48;5;232m▐[38;5;161;48;5;125m⠈[38;5;52m⠸[38;5;233;48;5;16m⠈[38;5;234;48;5;236m▖[38;5;236m⡀[38;5;238;48;5;238m [0m  
  [38;5;238;48;5;238m [38;5;236;48;5;236m [38;5;234m⠸[48;5;16m⠸[38;5;125;48;5;125m [38;5;161m▝[38;5;16;48;5;52m▟[38;5;52;48;5;16m▝[48;5;125m⣄[38;5;125m [38;5;161m⡀[38;5;89m⢀[38;5;16m⣠[48;5;52m⠾[38;5;125;48;5;16m▂[38;5;52m▂[38;5;233;48;5;125m⣦[38;5;52m▂[38;5;125m  [38;5;234m⣠[38;5;16;48;5;88m▟[38;5;88;48;5;232m⠸[38;5;161;48;5;125m⡆[38;5;88m▗[38;5;16;48;5;16m⡼[38;5;236;48;5;234m▐[48;5;236m⡀[38;5;238;48;5;238m [0m  
  [38;5;238;48;5;238m [38;5;236;48;5;236m ⣾[38;5;235;48;5;232m⣦[38;5;16;48;5;88m⣦[38;5;232;48;5;125m⣴[38;5;125;48;5;232m⣠[48;5;16m⣄[38;5;88m⡀[38;5;233m⠈[38;5;16;48;5;234m▆[38;5;125;48;5;232m▗[48;5;52m⣾[48;5;161m▆[48;5;125m [48;5;161m▆[38;5;52;48;5;125m⠈[38;5;125;48;5;232m⣆[38;5;16;48;5;16m⢪⢊[38;5;88m⣠[38;5;125;48;5;232m▄[48;5;233m⣦[38;5;232;48;5;89m⢦[38;5;16;48;5;52m⣾[38;5;235;48;5;232m⣰[38;5;236;48;5;236m  [38;5;238;48;5;238m [0m  
  [38;5;238;48;5;238m⢀[38;5;236;48;5;236m   [38;5;235;48;5;232m⡆[38;5;88;48;5;16m▐[38;5;125;48;5;161m▐[48;5;125m  [48;5;232m⣦[38;5;52;48;5;16m⡀[38;5;161;48;5;52m▐[38;5;125;48;5;125m [30m   [38;5;125m [38;5;89m⢀[38;5;52;48;5;16m⢀[38;5;125;48;5;234m⣴[48;5;161m⣾[48;5;125m [38;5;161m▐[38;5;16;48;5;89m▐[38;5;234;48;5;16m⢰[38;5;236;48;5;235m⣸[48;5;236m  [38;5;238;48;5;238m⢾[0m  
  [38;5;238;48;5;238m▐[38;5;236;48;5;236m⠐ ⠐[38;5;234m▝[48;5;16m⡌[38;5;233;48;5;125m⣄[38;5;125m   [38;5;233m▐[38;5;52;48;5;16m⠈[38;5;16;48;5;125m⣄[38;5;234m▂[38;5;88m▂[38;5;52m▂[38;5;232m⣠[38;5;16;48;5;88m▟[38;5;125;48;5;234m▐[48;5;125m  [38;5;161m⢀[38;5;234m⣠[38;5;16;48;5;234m⡾[38;5;235;48;5;233m⣾[38;5;236;48;5;236m   [38;5;238;48;5;238m▐[0m  
  [38;5;238;48;5;238m▐[38;5;235;48;5;236m⣠[38;5;236m  ⡚[48;5;235m⣦[38;5;235;48;5;16m⣦[38;5;236;48;5;232m⣈[38;5;232;48;5;125m⣦[38;5;16m▄[48;5;88m⣾[38;5;88;48;5;16m⢀[38;5;125m▄[48;5;232m▄[48;5;233m▄▄[48;5;16m▄[38;5;88m⣄▝[38;5;16;48;5;125m▄▄[38;5;232;48;5;52m▆[38;5;235;48;5;16m⣴[38;5;236;48;5;235m⣠[48;5;236m ⣾[38;5;235m▗[48;5;235m [38;5;238;48;5;238m▐[0m  
  [38;5;238;48;5;238m▐[38;5;235;48;5;235m ⢀[48;5;236m⣦⡀[38;5;236m⣾⠂[48;5;235m▆[48;5;234m▆[38;5;235;48;5;232m⣦[38;5;234;48;5;16m▄[38;5;16;48;5;52m⣦[38;5;233;48;5;125m⣄[38;5;88m▂[38;5;125m [38;5;88m▂[38;5;233m⣠[38;5;16;48;5;88m⣴[38;5;234;48;5;16m⣠[38;5;235m⣴[48;5;234m⣾[38;5;236;48;5;235m⣴[48;5;236m  [38;5;235m⢀[48;5;235m ⠠⣞[38;5;238;48;5;238m⣸[0m  
  [38;5;238;48;5;238m [38;5;234;48;5;235m⣰⡀[38;5;235m⣾⠠⡀[48;5;236m▄▂[38;5;236m  [38;5;235m⠈[48;5;235m [48;5;232m▆▄[48;5;16m▄[48;5;232m▄▆[48;5;234m⣾[38;5;236;48;5;235m⣴[48;5;236m [38;5;235m ▂▄[48;5;235m⡀⠔ [38;5;234m⣠[38;5;235;48;5;234m▝[38;5;238;48;5;238m [0m  
  [38;5;238;48;5;238m [48;5;234m▄▄▄[48;5;235m▄▄▄▄▄▄▄▄▄▄▄▄▄▄▄▄▄▄▄▄▄[48;5;234m▄▄▄[48;5;238m [0m  
