  [0m[30;48;5;16m                                    [0m  
  [30;48;5;16m                 [38;5;231mЬё«Ьё»[30m                 [0m  
  [30;48;5;16m               [38;5;231mЬё«[38;5;223mЬёц[38;5;214;48;5;255mЬёц[38;5;231;48;5;214mЬё▒[38;5;223;48;5;16mЬёЦ[38;5;231mЬё»[30m               [0m  
  [30;48;5;16m       [38;5;253mРбђ[38;5;231mРќѓРќѓРќѓРќѓРќѓРќѓ[48;5;232mЬёц[38;5;214;48;5;231mРа┤[38;5;231;48;5;214mРќѓРАђ[38;5;230mРбђ[38;5;231mРќѓ[38;5;214;48;5;231mРад[38;5;231;48;5;234mЬёЦ[48;5;16mРќѓРќѓРќѓРќѓРќѓРќѓРАђ[30m       [0m  
  [30;48;5;16m       [38;5;231;48;5;233mРќљ[48;5;148mРќЈ[38;5;148;48;5;231mРќЄРќЄ[38;5;231;48;5;148mЬё«[38;5;148;48;5;231mРбѓЬёцРќЄРќЄ[38;5;231;48;5;148mЬёђ[38;5;214;48;5;231mЬёѓ[38;5;230;48;5;214mЬёЂ[38;5;231;48;5;90mРќЇ[38;5;90;48;5;231mРќЄРќЄ[38;5;231;48;5;90mЬё▒[38;5;90;48;5;231mЬё»[38;5;231;48;5;90mЬё»[38;5;90;48;5;231mРќЄРќЄ[38;5;182;48;5;90mРќЋ[38;5;16;48;5;231mЬёЂ[30;48;5;16m       [0m  
  [30;48;5;16m       [38;5;231;48;5;233mРќљ[38;5;148;48;5;231mЬёё[38;5;231;48;5;148mЬё«Ьё»[38;5;148;48;5;231mЬёЦРАЎ[38;5;231;48;5;148mЬё»[30m  [38;5;231mЬёђ[38;5;214;48;5;231mЬёѓ[38;5;230;48;5;214mЬёЂ[38;5;90;48;5;231mЬёѓ[30;48;5;90m  [38;5;231mРбђРА┤ЬёаЬё«Ьё»[38;5;139mРќЋ[38;5;16;48;5;231mЬёЂ[30;48;5;16m       [0m  
  [30;48;5;16m       [38;5;233;48;5;231mРќї[38;5;148mРбЅ[48;5;255mЬёц[38;5;231;48;5;148mЬё▒РабЬё»[38;5;148;48;5;231mЬёЦРАЎ[38;5;231;48;5;148mЬё»Ьёђ[38;5;214;48;5;231mЬёѓ[38;5;230;48;5;214mЬёЂ[38;5;90;48;5;231mЬёѓ[38;5;231;48;5;90mРбђРА┤ЬёаЬё«[38;5;90;48;5;231mРбЂ[38;5;255;48;5;90mЬё░[38;5;231mЬё▒Раб[38;5;16;48;5;231mЬёЂ[30;48;5;16m       [0m  
  [30;48;5;16m     [38;5;231mЬё«[38;5;235;48;5;231mРбІ[38;5;132mРќќ[38;5;148mЬёё[30;48;5;148m   [38;5;231mЬё▒РабЬё»[38;5;148;48;5;231mЬёЦРАЂ[38;5;231;48;5;214mРќЇ[38;5;255mЬёЂ[38;5;90;48;5;231mРбѕ[38;5;231;48;5;90mЬёаЬё«[38;5;90;48;5;231mРбЂ[38;5;255;48;5;90mЬё░[30m   [38;5;139mРќЋ[38;5;18;48;5;231mЬЁє[38;5;231;48;5;234mРаб[48;5;16mЬё»[30m     [0m  
  [30;48;5;16m   [38;5;231mЬё«[38;5;235;48;5;231mРбІ[38;5;90;48;5;255mЬёц[30;48;5;90m [38;5;231mРаИ[48;5;101mРадРацРацРацРацРац[38;5;95;48;5;231mРБЂ[38;5;101mРБѕ[38;5;106mЬЁю[38;5;16mРБа[48;5;255mРБё[38;5;89;48;5;231mЬЁЅ[38;5;54mРбЂРќѓ[38;5;231;48;5;54mРацРацРацРацРацРац[48;5;18mРћЎ[30m [38;5;231mЬё▒[48;5;234mРаб[48;5;16mЬё»[30m   [0m  
  [30;48;5;16m   [38;5;231mЬё▒[48;5;53mРаб[48;5;90mЬё»[30m [38;5;231mРќЌ[48;5;54mЬаїРацРацРацРацРац[38;5;90;48;5;231mЬёє[38;5;54mРбЅ[38;5;236mРАђ[38;5;231;48;5;16mЬЁЊ[38;5;255mЬЁњ[38;5;94;48;5;231mРбђ[38;5;59mРАЅ[38;5;230;48;5;18mРќЁ[38;5;223mРќЁРќЁРќЁРќЁРќЁРќЁ[38;5;231mЬа┤[30m [38;5;231mЬё«[48;5;236mРаћ[38;5;253;48;5;16mЬё░[30m   [0m  
  [30;48;5;16m     [38;5;231mЬё▒[48;5;53mРаб[38;5;132;48;5;231mРаЄ[38;5;18mЬёё[30;48;5;18m   [38;5;231mРбђРА┤ЬёаЬё«[38;5;18;48;5;231mЬЁѕ[38;5;231;48;5;148mРќЇ[38;5;255mЬёЂ[38;5;214;48;5;231mРбѕ[38;5;231;48;5;214mЬё»[38;5;214;48;5;231mЬёЦРАЎ[38;5;231;48;5;214mЬё»[30m   [38;5;222mРќЋ[38;5;18;48;5;231mЬё╣[38;5;231;48;5;236mРаћ[38;5;253;48;5;16mЬё░[30m     [0m  
  [30;48;5;16m       [38;5;233;48;5;231mРАє[38;5;18mЬёА[38;5;231;48;5;18mЬё»РбђРА┤ЬёаЬё«[38;5;18;48;5;231mРбЂ[38;5;255;48;5;18mЬё░[38;5;231mЬёђ[38;5;148;48;5;231mЬёѓ[38;5;255;48;5;148mЬёЂ[38;5;214;48;5;231mЬёѓ[38;5;231;48;5;214mЬё▒РабЬё»[38;5;214;48;5;231mЬёЦРАЎ[38;5;231;48;5;214mЬё»Ьё«[48;5;215mРаћ[38;5;232;48;5;231mЬёЂ[30;48;5;16m       [0m  
  [30;48;5;16m       [38;5;231;48;5;233mРќљ[38;5;18;48;5;231mЬёё[38;5;231;48;5;18mЬё▒ЬёаЬё«[38;5;18;48;5;231mРбЂ[38;5;255;48;5;18mЬё░[30m  [38;5;231mЬёђ[38;5;148;48;5;231mЬёѓ[38;5;255;48;5;148mЬёЂ[38;5;214;48;5;231mЬёѓ[30;48;5;214m  [38;5;231mЬё▒РабЬё»[38;5;214;48;5;231mЬёЦ[38;5;230;48;5;214mЬё░[38;5;222mРќЋ[38;5;16;48;5;231mЬёЂ[30;48;5;16m       [0m  
  [30;48;5;16m       [38;5;231;48;5;233mРќљ[38;5;18;48;5;231mЬёё[30;48;5;18m  [38;5;231mЬё▒РабЬё»[30m  [38;5;231mЬёђ[38;5;148;48;5;231mЬёѓ[38;5;255;48;5;148mЬёЂ[38;5;214;48;5;231mЬёѓ[30;48;5;214m  [38;5;231mЬё«Раћ[38;5;230mЬё░[30m  [38;5;222mРќЋ[38;5;16;48;5;231mЬёЂ[30;48;5;16m       [0m  
  [30;48;5;16m       [38;5;253mЬЁЅ[38;5;16;48;5;231mРќЁРќЁРќЁРќЁРќЁ[38;5;231;48;5;16mЬёє[38;5;233;48;5;231mЬё»[38;5;148mЬаЈРќЁ[38;5;231;48;5;148mЬЁї[38;5;255mЬЁЇ[38;5;148;48;5;231mРќЁЬаї[38;5;234mЬё«[38;5;231;48;5;16mЬёє[38;5;16;48;5;231mРќЁРќЁРќЁРќЁРќЁ[38;5;231;48;5;16mЬЁѕ[30m       [0m  
  [30;48;5;16m               [38;5;231mЬё▒[48;5;58mРаб[48;5;148mЬё»Ьё«[48;5;64mРаћ[38;5;253;48;5;16mЬё░[30m               [0m  
  [30;48;5;16m                 [38;5;231mЬё▒[38;5;253mЬё░[30m                 [0m  
  [30;48;5;16m                                    [0m  
