  [0m[30;48;5;16m                                    [0m  
  [30;48;5;16m               [38;5;16m⢀⡴[38;5;250m⣠[38;5;247m⣄[38;5;16m⢄[30m                [0m  
  [30;48;5;16m             [38;5;16m⢀⡴[38;5;249m⣠[38;5;223;48;5;95m⡴[38;5;214;48;5;222m⣴[48;5;223m⣦[38;5;223;48;5;240m⣦[38;5;247;48;5;16m⣄[38;5;16m⢄[30m              [0m  
  [30;48;5;16m      [38;5;16m⡔[38;5;244m⣠[38;5;231;48;5;233m▂▂▂▂▂[38;5;253;48;5;232m⣠[38;5;255;48;5;241m⣴[38;5;215;48;5;231m⠾[38;5;231;48;5;215m▂[38;5;222;48;5;214m⡀▗[38;5;231;48;5;215m▂⣈[38;5;255;48;5;238m⣦[38;5;252;48;5;232m⣄[38;5;231;48;5;233m▂▂▂▂▂[38;5;247;48;5;232m⡀[38;5;16;48;5;16m⢀[30m      [0m  
  [30;48;5;16m      [38;5;16m▐[38;5;231;48;5;238m▐[38;5;112;48;5;149m⢰▆▆[38;5;194;48;5;148m⣠[48;5;149m⠞[38;5;112;48;5;187m⣴[48;5;149m▆▆[38;5;194;48;5;112m▐[38;5;214;48;5;223m▐[38;5;230;48;5;214m▐[38;5;89;48;5;182m▐[38;5;90;48;5;132m▆▆[48;5;182m⣦[38;5;132;48;5;254m⣜[38;5;182;48;5;90m⣄[38;5;90;48;5;132m▆▆[38;5;133;48;5;90m▐[38;5;234;48;5;231m▐[38;5;16;48;5;16m▐[30m      [0m  
  [30;48;5;16m      [38;5;16m▐[38;5;231;48;5;238m▐[38;5;112;48;5;149m▐[38;5;194;48;5;112m⣠⣄[38;5;112;48;5;194m⣦[38;5;230;48;5;149m⢦[38;5;186;48;5;112m⣄[38;5;112;48;5;148m⡀[38;5;148m [38;5;194;48;5;112m▐[38;5;214;48;5;223m▐[38;5;230;48;5;214m▐[38;5;89;48;5;182m▐[38;5;90;48;5;90m [38;5;89m⢀[38;5;182m⣠[38;5;188;48;5;132m⠔[38;5;90;48;5;182m⣴[38;5;254;48;5;90m⣠[38;5;182m⣄[38;5;133;48;5;89m▐[38;5;234;48;5;231m▐[38;5;16;48;5;16m▐[30m      [0m  
  [30;48;5;16m     [38;5;16m⢀▐[38;5;231;48;5;239m▐[38;5;194;48;5;149m⠞[38;5;112;48;5;186m⣴⣦[38;5;149;48;5;230m⣌[38;5;194;48;5;112m⣄[38;5;112;48;5;194m⣦[38;5;230;48;5;149m⢦[38;5;186;48;5;112m⣄[38;5;194m▐[38;5;214;48;5;223m▐[38;5;230;48;5;214m▐[38;5;89;48;5;182m▐[38;5;182;48;5;90m⣠[38;5;188;48;5;132m⠔[38;5;90;48;5;182m⣴[38;5;254;48;5;90m⣠[38;5;255m⠞[38;5;90;48;5;231m⣾[48;5;182m⣦[38;5;255;48;5;133m⠲[38;5;236;48;5;231m▐[38;5;16;48;5;16m▐[30m      [0m  
  [30;48;5;16m   [38;5;16m⢀⡴[38;5;249m⣠[38;5;182;48;5;59m⡔[38;5;133;48;5;231m⡆[38;5;112;48;5;149m▐[38;5;148;48;5;148m  [38;5;112m⠈[48;5;186m⣦[38;5;149;48;5;230m⣌[38;5;194;48;5;112m⣄[38;5;112;48;5;194m⣦[38;5;255;48;5;149m⢾[38;5;214;48;5;223m▐[38;5;230;48;5;215m▐[38;5;255;48;5;133m⡖[38;5;90;48;5;182m⣴[38;5;254;48;5;90m⣠[38;5;255m⠞[38;5;90;48;5;231m⣾[48;5;90m   [38;5;132;48;5;89m▐[38;5;60;48;5;231m⢰[38;5;251;48;5;238m⢦[38;5;247;48;5;16m⣄[38;5;16m⢄[30m    [0m  
  [30;48;5;16m  [38;5;16m⡔[38;5;250m⣠[38;5;182;48;5;59m⠴[38;5;90;48;5;175m⣴[48;5;89m⣮[38;5;255;48;5;132m⠸[38;5;188;48;5;95m━━━━━━[38;5;254m⠾[38;5;95;48;5;254m⣈[38;5;255;48;5;107m⡞[38;5;233;48;5;251m▄[38;5;234;48;5;252m▄[38;5;255;48;5;139m⢢[38;5;254;48;5;54m⠾[38;5;54;48;5;188m⣈[38;5;252;48;5;53m━━━━━[48;5;54m━[38;5;239;48;5;254m⣸[38;5;17;48;5;18m⠈[48;5;146m⣦[38;5;251;48;5;238m⢦[38;5;247;48;5;16m⣄[38;5;16m⢄[30m  [0m  
  [30;48;5;16m  [38;5;16m⣮[48;5;247m⣦[38;5;239;48;5;182m⣌[38;5;182;48;5;90m⣄[38;5;89m⡠[38;5;255;48;5;132m⢰[38;5;252;48;5;53m━━━━━━[38;5;253;48;5;96m⢲[38;5;254m━[38;5;60;48;5;254m⡌[38;5;188;48;5;234m▄[38;5;251;48;5;16m⣴[38;5;231;48;5;180m⠜[38;5;254;48;5;95m⢶[38;5;187;48;5;17m▆[48;5;239m▆[38;5;186;48;5;17m▆▆▆▆[38;5;187;48;5;239m▆[38;5;255m⡆[38;5;17;48;5;18m⢀[38;5;252;48;5;17m⣠[38;5;188;48;5;236m⠞[38;5;16;48;5;245m⣴[48;5;16m⠊[30m  [0m  
  [30;48;5;16m    [38;5;16m⣮[48;5;247m⣦[38;5;239;48;5;182m⣌[38;5;231;48;5;139m⣸[38;5;17;48;5;60m▐[38;5;18;48;5;18m  [38;5;17m⢀[38;5;146m⣠[38;5;252;48;5;60m⠔[38;5;17;48;5;146m⣴[38;5;254;48;5;18m⣠[48;5;239m⢾[38;5;112;48;5;193m▐[38;5;230;48;5;149m▐[38;5;215;48;5;230m⢈[38;5;224;48;5;214m⣄[38;5;214;48;5;224m⣦[38;5;230;48;5;215m⢦[38;5;222;48;5;214m⣄[38;5;214m   [38;5;215m▐[38;5;61;48;5;231m▝[38;5;188;48;5;236m⠞[38;5;16;48;5;102m⣴[38;5;232;48;5;16m⠊[30m    [0m  
  [30;48;5;16m      [38;5;16m▐[38;5;231;48;5;239m▐[38;5;254;48;5;60m⠢[38;5;146;48;5;17m⣄⣠[38;5;252;48;5;60m⠔[38;5;17;48;5;146m⣴[38;5;254;48;5;18m⣠[38;5;255;48;5;239m⠞[38;5;18;48;5;231m⣾[38;5;252;48;5;17m▐[38;5;112;48;5;193m▐[38;5;194;48;5;112m▐[38;5;214;48;5;223m▐[48;5;222m⣦[38;5;215;48;5;230m⣌[38;5;224;48;5;214m⣄[38;5;214;48;5;224m⣦[38;5;230;48;5;215m⢦[38;5;222;48;5;214m⣄[38;5;223m⣠[38;5;224;48;5;215m⠾[38;5;235;48;5;231m▐[38;5;16;48;5;16m▐[30m      [0m  
  [30;48;5;16m      [38;5;16m▐[38;5;231;48;5;238m▐[38;5;17;48;5;60m▐[38;5;18;48;5;146m⣦[38;5;17m⣴[38;5;254;48;5;18m⣠[38;5;255;48;5;239m⠞[38;5;18;48;5;231m⣾[48;5;17m⣾[48;5;18m [38;5;252;48;5;17m▐[38;5;112;48;5;193m▐[38;5;194;48;5;112m▐[38;5;214;48;5;223m▐[48;5;214m  [48;5;222m⣦[38;5;215;48;5;230m⣌[38;5;224;48;5;214m⣄[38;5;214;48;5;224m⣦[48;5;223m⣴[38;5;215;48;5;214m▐[38;5;234;48;5;231m▐[38;5;16;48;5;16m▐[30m      [0m  
  [30;48;5;16m      [38;5;16m▐[38;5;231;48;5;238m▐[38;5;18;48;5;60m⠸[38;5;60;48;5;18m▂▂[38;5;18;48;5;248m⠦[38;5;255;48;5;61m⢢[38;5;146;48;5;17m⣄[38;5;60;48;5;18m▂▂[38;5;188m▐[38;5;112;48;5;193m▐[38;5;194;48;5;112m▐[38;5;214;48;5;223m▐[38;5;215;48;5;214m▂▂[38;5;223m⣠[38;5;224;48;5;215m⡞[38;5;214;48;5;222m⠴[38;5;215;48;5;214m▂▂⣸[38;5;234;48;5;231m▐[38;5;16;48;5;16m▐[30m      [0m  
  [30;48;5;16m      [38;5;16m⣾[38;5;247;48;5;232m⠈[38;5;232;48;5;231m▆▆▆▆▆[48;5;252m⣦[38;5;238;48;5;255m⣄[38;5;149;48;5;231m⢶[38;5;148m▆[38;5;112;48;5;149m▟[38;5;194;48;5;148m⠈[38;5;148;48;5;231m▆[48;5;230m⠖[38;5;236;48;5;231m⣠[38;5;232;48;5;251m▆[48;5;231m▆▆▆▆▆[48;5;255m⣾[38;5;16;48;5;16m⠈[30m      [0m  
  [30;48;5;16m              [38;5;16m⣮[48;5;247m⣦[38;5;240;48;5;194m⣌[38;5;187;48;5;112m⣄[38;5;193m⣠[38;5;230;48;5;238m⠞[38;5;16;48;5;102m⣴[38;5;232;48;5;16m⠊[30m              [0m  
  [30;48;5;16m                [38;5;16m⣮[48;5;247m⣦[48;5;245m⣴[38;5;232;48;5;16m⠊[30m                [0m  
  [30;48;5;16m                                    [0m  
